10903004
10903008
11103035
11103036
11104019
11301001
11303001
11303012
11304007
11304019
11304227
11304279
11305016
11305018
11308010
11308011
11308014
11407001
11408009
11501007
11501018
11502014
11502036
11503010
11506001
11601029
11601030
11601034
11601074
11606002
11606005
11606007
11702022
11702023
11702024
11702037
11704003
11704005
11704101
11704133
11704137
11704149
11704153
11704156
11704162
11704163
11801018
11803005
11901002
11901008
11902015
11904005
11904010
11904012
11904014
11904016
11904089
11904092
11904095
11904096
11904100
11905005
11905008
11906001
11906014
11906015
11906018
11906020
11906021
11907013
11907026
11909001
11909005
12002009
12003001
12003049
12003050
12103004
12202012
12701003
12701004
21103001
21103015
21502007
21502008
21502016
21701006
21701007
21803001
21803002
21803005
21905001
21907004
21908003
22710013
22710014
